100
2 3 2
1 1 1
2 1 2
3 2 3
23 8 23
31 4 31
100 3 100
1 9 1
67 3 67
1 100 1
4 15 4
47 7 47
90 1 90
40 5 40
1 15 1
18 2 18
46 10 46
2 13 2
46 1 46
54 1 54
94 8 94
94 9 94
4 28 4
70 1 70
39 6 39
10 5 10
48 1 48
79 7 79
15 6 15
37 8 37
1 55 1
4 1 4
31 11 31
45 5 45
12 9 12
2 4 2
2 59 2
2 28 2
41 4 41
47 6 47
15 4 15
93 4 93
38 9 38
3 37 3
28 11 28
100 9 100
88 6 88
1 69 1
14 7 14
13 7 13
12 15 12
8 12 8
96 8 96
3 11 3
15 3 15
100 4 100
2 5 2
2 2 2
80 5 80
36 6 36
78 2 78
97 6 97
35 8 35
1 2 1
33 11 33
2 32 2
4 29 4
3 28 3
95 5 95
89 4 89
10 18 10
28 9 28
1 51 1
73 2 73
3 1 3
15 1 15
21 11 21
3 3 3
52 1 52
75 9 75
1 65 1
9 18 9
4 4 4
52 6 52
4 3 4
4 2 4
1 3 1
80 8 80
68 7 68
78 6 78
64 7 64
3 4 3
71 4 71
9 1 9
29 11 29
100 1 100
18 7 18
1 4 1
2 53 2
100 2 100
